[0.025529769525231054, 0.7841884593321139, 0.18321352486543818, 0.004442795950031013, 0.0026254503271856133]
[0.014597183608128188, 0.7905691847258595, 0.19053553340153564, 0.003359266946065642, 0.0009388313184109185]
[0.008435511775733496, 0.8011071813991723, 0.18669564944271444, 0.0031597910681725187, 0.0006018663142072766]
[0.0068640520708674775, 0.7759811340108334, 0.2123332191641792, 0.004019570532073775, 0.0008020242220462081]
[0.006679472710254579, 0.7096928259179792, 0.27417391143643455, 0.007530422150921228, 0.0019233677844103653]
[0.006697067692370627, 0.6825588167580321, 0.2951757668344818, 0.013155113899722879, 0.0024132348153926364]
[0.010270698310184258, 0.6479854834709556, 0.30866292858716243, 0.02603584731153802, 0.007045042320159494]

[0.02500263311732254, 0.7633038705271914, 0.20382612076536996, 0.005078121285689552, 0.0027892543044260288]
[0.014897339438610383, 0.757135551675239, 0.22289304353954298, 0.004056112742855836, 0.0010179526037513461]
[0.010992992019911128, 0.7480142858322035, 0.2363753149876121, 0.003947891726002144, 0.0006695154342709786]
[0.007168912419482302, 0.7412660651152712, 0.24584732047527216, 0.004794844835145876, 0.0009228571548283422]
[0.006568189234865178, 0.6853444669879224, 0.29753735630856015, 0.008415861014634967, 0.002134126454017239]
[0.00654043719085081, 0.6654005213513646, 0.31128394515097096, 0.014162343886881795, 0.0026127524199316557]
[0.010065996705064193, 0.6357654096949139, 0.31941710816676083, 0.02734388441861691, 0.007407601014644076]

[0.02225573464027459, 0.42657958619885206, 0.4762503121904298, 0.05915249473257291, 0.015761872237870924]
[0.011736846111750783, 0.4683086627130776, 0.4703290458114441, 0.03187695240334307, 0.01774849296038467]
[0.010048297724911047, 0.28076876727598993, 0.6780314179910444, 0.02140956475722915, 0.00974195225082564]
[0.007562715418319411, 0.19843877984459923, 0.7694364859612697, 0.01936505098203074, 0.005196967793780755]
[0.004765082625319113, 0.17551066910315652, 0.7964917888393915, 0.02149212312678691, 0.0017403363053461148]
[0.004795811235320502, 0.1980909333018505, 0.7734974347651579, 0.020962911949766228, 0.002652908747905032]
[0.006640376699344442, 0.2160818823101934, 0.7420243279482264, 0.026720152688639025, 0.008533260353596934]
[0.01244559662728314, 0.23142979477422299, 0.678226824954135, 0.04097195178188779, 0.036925831862471316]

[0.03146634055253644, 0.401981457799927, 0.4804292113418709, 0.07670165208370548, 0.009421338221959596]
[0.03000936478491495, 0.42812820079411673, 0.47509501340608173, 0.06066820449385263, 0.00609921652103356]
[0.025151377997603242, 0.3396829649957222, 0.5686325283445983, 0.060318056207560394, 0.006215072454515433]
[0.0144922004052952, 0.23979563329993112, 0.7118980076474449, 0.029209762614121712, 0.004604396033206718]
[0.007542670937321287, 0.20827284543412952, 0.7572020058935709, 0.024332604128747576, 0.0026498736062304314]
[0.006213692949276489, 0.22860489047405388, 0.7362347461483005, 0.022231516100744062, 0.006715154327624714]
[0.007254716523314535, 0.2493223473621975, 0.6924940457387858, 0.024015721596140308, 0.02691316877956154]
[0.013616016821001813, 0.25242919583436557, 0.6428621729525752, 0.03897533979919042, 0.05211727459286686]

[0.010920385005777383, 0.1839808510793383, 0.7528898645654466, 0.04656266879856442, 0.005646230550873142]
[0.00262085597348568, 0.11117863391064738, 0.865315071248531, 0.016469465829692154, 0.004415973037643512]
[0.0011758788723544443, 0.09181662908456517, 0.8917636433854176, 0.011343027207055035, 0.0039008214506077205]
[0.0008314415753261171, 0.11577853975078987, 0.866595444830785, 0.01275969277361245, 0.004034881069486479]
[0.0007801101396602372, 0.14960737884620096, 0.8117175536284416, 0.02360587045845457, 0.014289086927242635]
[0.002747429208904011, 0.17461852481203535, 0.7450015254517623, 0.04393684855534562, 0.0336956719719523]

[0.010920385005777383, 0.1839808510793383, 0.7528898645654466, 0.04656266879856442, 0.005646230550873142]
[0.00262085597348568, 0.11117863391064738, 0.865315071248531, 0.016469465829692154, 0.004415973037643512]
[0.0011758788723544443, 0.09181662908456517, 0.8917636433854176, 0.011343027207055035, 0.0039008214506077205]
[0.0008314415753261171, 0.11577853975078987, 0.866595444830785, 0.01275969277361245, 0.004034881069486479]
[0.0007801101396602372, 0.14960737884620096, 0.8117175536284416, 0.02360587045845457, 0.014289086927242635]
[0.002747429208904011, 0.17461852481203535, 0.7450015254517623, 0.04393684855534562, 0.0336956719719523]

[0.02821766904453298, 0.650298387501905, 0.2697623753071802, 0.04746852214826491, 0.004253045998117457]
[0.013602270556704122, 0.646407679472965, 0.302996174962784, 0.035676096717994474, 0.0013177782895530232]
[0.007501278060474138, 0.5732687359046041, 0.3916284205526774, 0.027049133894277298, 0.0005524315879677405]
[0.004056084292982714, 0.40440351772382777, 0.5775971369991981, 0.013679929848101359, 0.00026333113589070863]
[0.0015928878006950084, 0.309514834389078, 0.6710094201167243, 0.017629144421437516, 0.0002537132720657666]
[0.0016720745035088789, 0.33571393787233433, 0.6439605693244433, 0.018313405553025887, 0.00034001274668795864]
[0.003867066172863609, 0.5089353644116863, 0.4681082897883624, 0.01862999415987877, 0.00045928546720948245]
[0.007603885336557008, 0.5880919363627355, 0.37490064687175917, 0.028979914728969547, 0.00042361669997922105]
[0.014043072369425981, 0.6449805747863422, 0.3058069296065818, 0.03446058313976413, 0.0007088400978862302]
[0.035613217672501814, 0.6781936485042382, 0.24344201475190178, 0.03994433032633211, 0.002806788745026159]
[0.11863009790707625, 0.6493584065235318, 0.1722837921520095, 0.04101061032900834, 0.018717093088374142]
[0.13138429524465545, 0.6089091687918894, 0.21152349403781845, 0.028057143264182453, 0.02012589866145426]

[0.006683990191953116, 0.7239846449285691, 0.24562235767281315, 0.015375234393984116, 0.008333772812680553]
[0.009362739622829784, 0.7307809201537724, 0.23831921473994438, 0.019484462533656294, 0.0020526629497974254]
[0.008871533927946108, 0.6960034264190746, 0.27426594371855906, 0.02012473001551561, 0.0007343659189047291]
[0.006629586714854967, 0.6062083007924393, 0.36753199414485127, 0.019238666223627576, 0.0003914521242269696]
[0.004007201054314927, 0.42398853634438555, 0.5603915494913565, 0.011389392389774624, 0.00022332072016839898]
[0.0016301797921349883, 0.3216759958410741, 0.6598959406288993, 0.016557006476942946, 0.00024087726094866108]
[0.0017137837731528202, 0.34435522951382924, 0.6358187751222887, 0.017780169232816872, 0.0003320423579123967]
[0.003913459182434318, 0.514503661005874, 0.4628334615685335, 0.01829719918089665, 0.00045221906226160154]
[0.007659111848752716, 0.591843068385624, 0.3714618579651447, 0.02861716204622258, 0.0004187997542560078]
[0.014105831422839233, 0.6474882376323494, 0.3035874319511538, 0.03411601179104388, 0.0007024872026135338]
[0.03571032680508986, 0.6798125371394833, 0.24206934624893106, 0.039621121433331526, 0.0027866683731639836]
[0.1188225726524376, 0.6502866503729241, 0.17153584880085188, 0.04074435731923473, 0.018610570854551294]
[0.131562685941894, 0.6095702612251697, 0.2109433554476596, 0.027904748926575983, 0.020018948458700676]

[0.040224150793352176, 0.8276790372990913, 0.11785621704612907, 0.008462463899787616, 0.0057781309616402165]
[0.04538641707088328, 0.8442635620328769, 0.09545543681679126, 0.011201699926330425, 0.0036928841531183075]
[0.034413959310390214, 0.8347682994888179, 0.11856561347280772, 0.00950095818526523, 0.0027511695427188433]
[0.0525048794780373, 0.8084644551126776, 0.1106557138401486, 0.027771413357007953, 0.0006035382121283758]
[0.05679395935398121, 0.7701256733539367, 0.13439994487815107, 0.0382626765590266, 0.0004177458549045874]
[0.050951508519585575, 0.7007563297803084, 0.2068616561834914, 0.04035057629361957, 0.0010799292229948672]
[0.00890800400812294, 0.5943549347455478, 0.3542105819974611, 0.03690494472796842, 0.005621534520899537]
[0.0006684637346585242, 0.3638089004791507, 0.5970869580434394, 0.03688281991909889, 0.0015528578236523299]
[0.000287363679157523, 0.244246736694573, 0.7132165197744658, 0.041670567247762524, 0.0005788126040411406]
[0.00020462438138882296, 0.1807258942992492, 0.776806524396423, 0.04152468169099439, 0.0007382752319444794]
[0.00019276037871707887, 0.15974974253380383, 0.7969495414789636, 0.042188464328637175, 0.0009194912798782159]
[0.0002904654527174731, 0.17176418113538938, 0.7838709574715752, 0.042483437623613195, 0.0015909583167047063]
[0.0015443730714081135, 0.16909105667762317, 0.7589639276122697, 0.06295785150165673, 0.007442791137042104]

[0.043216039225819826, 0.8046092173843192, 0.13312854142757768, 0.01048973575447982, 0.008556466207804394]
[0.05306341540173059, 0.8066518818752705, 0.11898871823736185, 0.014417132566106668, 0.00687885191953139]
[0.051077410123241254, 0.7657564674779098, 0.16453268781053204, 0.011578565969742485, 0.0070548686185750616]
[0.09802862382397044, 0.6751192173728487, 0.18921830436022224, 0.030507911490281432, 0.007125942952677669]
[0.11261539861213964, 0.6521199022135448, 0.18243262599144378, 0.04712698110591393, 0.0057050920769583825]
[0.0960171966039523, 0.6932442493720903, 0.14432103811566846, 0.06523554757897777, 0.0011819683293115852]
[0.0796296725922206, 0.6944240413686318, 0.15553969972870668, 0.06973034638816043, 0.0006762399222809777]
[0.06191222372845655, 0.6508817699538053, 0.22318679065385538, 0.06252047389095608, 0.0014987417729272552]
[0.01022876849773095, 0.566718013324184, 0.3665915820454996, 0.04953243264562678, 0.00692920348695929]
[0.0006993726435354264, 0.34960669999959465, 0.6041654738668447, 0.04367641404320342, 0.0018520394468222977]
[0.0002806566550585874, 0.23615241487437844, 0.717647874224074, 0.045282338281421884, 0.0006367159650674346]
[0.00019986715667375527, 0.1760290481482729, 0.7797274496258362, 0.043278855615493585, 0.0007647794537238429]
[0.00018954925926713772, 0.15685218367797787, 0.7989706722725979, 0.043053150508245146, 0.000934444281912184]
[0.00028743707239753884, 0.1698339843509715, 0.7853512044985448, 0.04292338218267242, 0.0016039918954137383]
[0.0015331604551676854, 0.16784641454361882, 0.7598878224990021, 0.063262205742331, 0.007470396759880631]

[0.10617209975074936, 0.2327249305926966, 0.4891846743915193, 0.1393423983643022, 0.03257589690073269]
[0.06897636214026916, 0.25350245503293856, 0.5350923342237339, 0.12672796426787683, 0.015700884335181697]
[0.0232642450792092, 0.2425396472295558, 0.5838924814995208, 0.1402168863754318, 0.010086739816282445]
[0.008791715399908242, 0.2335982870090516, 0.6081268437398376, 0.14648453531922534, 0.002998618531977139]
[0.0025270772747385136, 0.2182019658183947, 0.667683056915662, 0.1097588896660996, 0.001829010325105299]
[0.005481006515492825, 0.2918663487665989, 0.5676407662492167, 0.13238886938291292, 0.0026230090857788696]
[0.003526979926729398, 0.3276477049490146, 0.4861360706626387, 0.17761287953053917, 0.005076364931078327]
[0.007831252421321575, 0.3237187718488698, 0.45212443781863904, 0.20090014853961363, 0.015425389371556027]

[0.10372229063729801, 0.2302481126693006, 0.4927276076810867, 0.14052950349857116, 0.03277248551374352]
[0.06690377590312663, 0.24927951414991303, 0.5401043059851652, 0.12791630879214652, 0.01579609516964846]
[0.022197525510273444, 0.2352915388873847, 0.5908689535283782, 0.14150710530734217, 0.01013487676662135]
[0.008231426342805786, 0.2226294217844313, 0.6185671707900611, 0.14755392265932307, 0.00301805842337857]
[0.0023562161046674053, 0.2018952808233542, 0.6844101303846538, 0.10943157911264179, 0.001906793574682746]
[0.005284567445756407, 0.2642278874516477, 0.5975413595133298, 0.1298037318448293, 0.0031424537444369304]
[0.004409109563946866, 0.2851471830636757, 0.533911721238996, 0.16861584406215, 0.007916142071231402]
[0.014380351424589509, 0.25629924889092903, 0.5267338585116638, 0.17324437314008975, 0.029342168032727975]

[0.2898694740452981, 0.5715814476007112, 0.06963408935488914, 0.05046060999627501, 0.0184543790028269]
[0.22208469859448632, 0.6541658904907572, 0.0691415289093995, 0.04265500136041239, 0.011952880644944715]
[0.040238248025278534, 0.8002700568315472, 0.12608588389185887, 0.025353131724127616, 0.008052679527187953]
[0.003952035346347758, 0.6614308399755198, 0.320903969045, 0.00926594373633719, 0.004447211896795479]
[0.0026815255674550336, 0.5401408887299235, 0.4436139207117996, 0.009001987672285662, 0.0045616773185361125]
[0.01870589242707356, 0.4439243096216232, 0.5061406988314214, 0.022208793179856152, 0.009020305940025578]

[0.13430339638597802, 0.6580910044762013, 0.1289058355047, 0.058953324922731754, 0.019746438710388992]
[0.025739604822087484, 0.7504589279462629, 0.1757287272937463, 0.035353561605943724, 0.012719178331959628]
[0.0029041095977403973, 0.616347655408696, 0.3616421217785787, 0.012379222132577392, 0.006726891082407399]
[0.0024197023727933857, 0.5085901935437918, 0.4722397430216827, 0.010566147587047919, 0.006184213474684208]
[0.017734003083593058, 0.42282875680990345, 0.5250180298082401, 0.02387585981262433, 0.010543350485639221]

[0.04086456752835787, 0.4853866177746159, 0.3701407598700008, 0.08367827693082389, 0.0199297778962016]
[0.05168535027753384, 0.4913952479971021, 0.3740514905796569, 0.0770325553752938, 0.005835355770413398]
[0.1109763724439047, 0.4969050681450118, 0.32723154043652003, 0.06277745460668063, 0.0021095643678828843]
[0.32160689356356037, 0.4032082945164599, 0.24210241428073095, 0.032456780106570354, 0.0006256175326783483]
[0.39625829410662144, 0.3907406201528322, 0.18698220245323452, 0.025296533912717634, 0.000722349374594211]
[0.3698849138113867, 0.45934118268867297, 0.13790099981117984, 0.03012105438283148, 0.002751849305929067]
[0.24689327182231677, 0.6373115508503654, 0.08668279807860052, 0.02510088223686426, 0.004011497011853008]
[0.14846336307033037, 0.7391477859859323, 0.0909393883134518, 0.018592250700357478, 0.0028572119299281086]
[0.06281008332078242, 0.7724349853913003, 0.15755221673934325, 0.006451675623239336, 0.0007510389253348265]
[0.03241194281847763, 0.7685711127638973, 0.18857835554453328, 0.009224575740734146, 0.0012140131323576564]
[0.020146533555751946, 0.7091266285223448, 0.24496222289327674, 0.017982942032829477, 0.0077816729957970645]

[0.04689975353725079, 0.5774833529255562, 0.29902437547753147, 0.0552021050144393, 0.021390413045221775]
[0.05712111647711158, 0.6190775356527175, 0.269884023066959, 0.04198054360043499, 0.011936781202776539]
[0.13586045435810531, 0.6289352759606486, 0.20379471567214807, 0.02793701177649326, 0.0034725422326045215]
[0.10983347460382147, 0.7368274753316953, 0.1217546928528271, 0.026821761692881103, 0.004762595518774753]
[0.07847096332916033, 0.7811809034938971, 0.11622882989827847, 0.02079461508133302, 0.0033246881973309976]
[0.03822499870557155, 0.7722764359983694, 0.18140557950344577, 0.007234549063240549, 0.000858436729372765]
[0.023633352811940907, 0.7586126508674637, 0.20625823669228446, 0.010163397451419944, 0.0013323621768910501]
[0.017037693054766278, 0.6979970902628247, 0.25755658370593226, 0.01919288018054492, 0.008215752795931753]

[0.011014663311269246, 0.6642677435937595, 0.2751907424222245, 0.02390918974310439, 0.025617660929641704]
[0.006257055559922205, 0.6881423122585879, 0.25508189781867796, 0.017154397972897688, 0.033364336389913755]
[0.018018397321414727, 0.6872174827996462, 0.2091588484748148, 0.010854998050725316, 0.07475027335339844]
[0.020372557293858465, 0.6705282984717716, 0.20539236794121404, 0.009937294363466735, 0.09376948192968887]
[0.015803476748063847, 0.6323808815131007, 0.23895688996410647, 0.013961475424725858, 0.09889727635000294]
[0.0046400288977477035, 0.5588789196109696, 0.317851720599447, 0.030848845026366808, 0.0877804858654686]
[0.004062361522101295, 0.5120234867542203, 0.34275096557649515, 0.09189059839286168, 0.04927258775432122]
[0.01007352248268655, 0.5382099879237555, 0.21913408270800253, 0.21142315337016618, 0.021159253515388974]
[0.0218433621185691, 0.5001924136425953, 0.21073926221188483, 0.24325185576096778, 0.023973106265982886]

[0.010681088889448083, 0.658854903788979, 0.28963504766021914, 0.02280938525614578, 0.018019574405207316]
[0.005676010990089442, 0.6778282537432387, 0.2786263181352054, 0.015617222226878414, 0.02225219490458749]
[0.01508447184644867, 0.6701934936171068, 0.2535925196924925, 0.012030126197601883, 0.04909938864634968]
[0.013982072119056657, 0.6362107336264434, 0.2757422447159948, 0.014630914874030598, 0.05943403466447424]
[0.004391728336459562, 0.5634854611326697, 0.34756535360031604, 0.028771860806522404, 0.055785596124032014]
[0.004026878077823129, 0.5175485991182043, 0.3640834857290558, 0.08179118852036683, 0.03254984855454995]
[0.01013608279442724, 0.5465731278655943, 0.2296176704945004, 0.19842270097898082, 0.015250417866497218]
[0.022069021090560935, 0.5085990289392168, 0.21681361656256354, 0.23242579597316682, 0.020092537434491832]

[0.003956239236628699, 0.12518705333565783, 0.2318193893960873, 0.6287695449758209, 0.01026777305580471]
[0.0025320256235642695, 0.06069473016398773, 0.42679802574544456, 0.49998434803884056, 0.009990870428162211]
[0.0019221911616299349, 0.041258199758296775, 0.47419884188162403, 0.4728330661034395, 0.009787701095009241]
[0.001694008081945477, 0.04575724555688046, 0.40789862887378586, 0.5361387921752431, 0.008511325312144723]
[0.000450350816025301, 0.039484976021977584, 0.5065935087859532, 0.44905965745172766, 0.004411506924315696]
[0.0007728368081759482, 0.06636101975323573, 0.4792930423865235, 0.44406346679822384, 0.00950963425384079]
[0.005294624800359608, 0.16817947372817252, 0.27083282955111704, 0.5040497598243779, 0.05164331209597262]

[0.014106860729419008, 0.18232512689515368, 0.22187173062996154, 0.5588962573283253, 0.02280002441714045]
[0.019675245405689573, 0.12602952749384594, 0.3983399010755539, 0.409873854808934, 0.04608147121597651]

[0.007439135291942834, 0.17450282955638297, 0.1384387353549051, 0.1657765162435937, 0.5138427835531754]
[0.007528932856637038, 0.11233225404059673, 0.1644021311463074, 0.12952016735505362, 0.5862165146014053]
[0.002435987236440385, 0.06871088072343338, 0.15245832295026995, 0.16023061674418532, 0.6161641923456711]
[0.0030258453535017015, 0.038088490117098146, 0.06915148372583436, 0.034494026950649063, 0.8552401538529169]
[0.0040969912891490445, 0.028381712064128074, 0.030072507673013997, 0.012307290403734449, 0.9251414985699746]
[0.006641436432326726, 0.02621696099550603, 0.011513172475785982, 0.009897057824499953, 0.9457313722718814]
[0.010531597540218122, 0.025532857384828734, 0.015362305372091245, 0.02150446126886709, 0.927068778433995]
[0.01854553012821412, 0.02678648349290969, 0.022915015109406602, 0.0462939179597666, 0.8854590533097032]
[0.023308855340297967, 0.030534223460809036, 0.0369068669822322, 0.07467990536464447, 0.8345701488520163]

[0.007439135291942834, 0.17450282955638297, 0.1384387353549051, 0.1657765162435937, 0.5138427835531754]
[0.007528932856637038, 0.11233225404059673, 0.1644021311463074, 0.12952016735505362, 0.5862165146014053]
[0.002435987236440385, 0.06871088072343338, 0.15245832295026995, 0.16023061674418532, 0.6161641923456711]
[0.0030258453535017015, 0.038088490117098146, 0.06915148372583436, 0.034494026950649063, 0.8552401538529169]
[0.0040969912891490445, 0.028381712064128074, 0.030072507673013997, 0.012307290403734449, 0.9251414985699746]
[0.006641436432326726, 0.02621696099550603, 0.011513172475785982, 0.009897057824499953, 0.9457313722718814]
[0.010531597540218122, 0.025532857384828734, 0.015362305372091245, 0.02150446126886709, 0.927068778433995]
[0.01854553012821412, 0.02678648349290969, 0.022915015109406602, 0.0462939179597666, 0.8854590533097032]
[0.023308855340297967, 0.030534223460809036, 0.0369068669822322, 0.07467990536464447, 0.8345701488520163]

[0.12322748906481858, 0.61121241047989, 0.2059555165603219, 0.025884700212425595, 0.033719883682543424]
[0.23859459006057737, 0.5467145783297567, 0.17468881749156756, 0.01775833849808417, 0.022243675620013732]
[0.25727677080934147, 0.6029005587301528, 0.09481028035878958, 0.03017270284745647, 0.014839687254259168]
[0.22089376945950673, 0.6615481402482397, 0.07333832540386705, 0.035775711349762686, 0.008444053538623522]
[0.11927059949720474, 0.7535102524329881, 0.08437040651520784, 0.04097480226961662, 0.0018739392849823676]
[0.08261120208886581, 0.7912090666830581, 0.06940929209153437, 0.05593488347133738, 0.0008355556652039715]
[0.05391641249938348, 0.7327203463789657, 0.14419761413057655, 0.065834972554896, 0.003330654436178228]
[0.08698229784510501, 0.4854707231097991, 0.3376079014570586, 0.0654253465500378, 0.02451373103799937]

[0.13090955087454528, 0.6127344176177759, 0.19951876859154707, 0.02505230310475549, 0.03178495981137592]
[0.25527113316144795, 0.5415499610696393, 0.16651566985772026, 0.016303953199692366, 0.020359282711499966]
[0.28023892797150907, 0.5921815459096998, 0.08762595272047415, 0.02665906905499058, 0.013294504343326245]
[0.2505513423391477, 0.6464824432499526, 0.06490895371914542, 0.030634886275498655, 0.007422374416255692]
[0.15627973797533826, 0.7371029440619085, 0.07052983331003104, 0.03450736411951322, 0.001580120533208934]
[0.1337276940357255, 0.7691807926460678, 0.04960495364145441, 0.04688026302984143, 0.0006062966469111129]
[0.12708379539877845, 0.7242694357260718, 0.08919078833585307, 0.05743291808819577, 0.0020230624511009235]
[0.1423614956425351, 0.49063575349593685, 0.2893261007769897, 0.056628193821639666, 0.021048456262898686]

[0.03327434133890447, 0.3552509277315988, 0.12852993980884367, 0.4613316286004081, 0.02161316252024508]
[0.04805667183365198, 0.3102580453516392, 0.20003406492581774, 0.4122625466547639, 0.029388671234127185]
[0.06287233699026953, 0.2982724131443859, 0.1481379404855518, 0.45363234059647634, 0.03708496878331658]
[0.0650006514048413, 0.2998523120775651, 0.12517976751863516, 0.4779671965218358, 0.032000072477122735]
[0.053353856272725965, 0.3192358682815468, 0.11707588588392837, 0.49648145396029386, 0.013852935601504995]
[0.10951285361945867, 0.290842919924398, 0.25462620841556044, 0.2863558148162172, 0.058662203224365765]

[0.01642305527542846, 0.27758852924667027, 0.13348484862150806, 0.5530753371953406, 0.019428229661052433]
[0.01831928091502178, 0.23228256105447367, 0.21048350689048304, 0.5174732068129425, 0.0214414443270789]
[0.015971443087637215, 0.2204149531165713, 0.15385429486004085, 0.5938440613372457, 0.015915247598504854]

[0.003000720357950318, 0.24744916010226717, 0.4129258786102176, 0.32469910572108146, 0.0119251352084835]
[0.0004775678561471645, 0.07690932388821957, 0.6668737753301408, 0.24340893679254377, 0.012330396132948724]
[0.0006817860250558215, 0.06972441733953698, 0.601515928335957, 0.31119116016860865, 0.016886708130841466]
[0.001960348330993979, 0.020086850589283434, 0.6783617971221054, 0.21480437087848783, 0.08478663307912923]
[0.0042916175381692186, 0.0209771370206359, 0.6559494673580285, 0.18337153986420693, 0.1354102382189595]

[0.008996596678505438, 0.030792072071907203, 0.5170831190891284, 0.1419010955127506, 0.3012271166477083]
[0.009476318445450611, 0.023354200583542928, 0.5072380319377265, 0.14290380953425005, 0.3170276394990299]

[0.019337043623511033, 0.9176384118538622, 0.05544721118096816, 0.004960458780197155, 0.002616874561461354]
[0.01002561962164739, 0.9484191627123026, 0.038485673094931436, 0.0023189595155098863, 0.0007505850556086302]
[0.018261967633515817, 0.9195093461372934, 0.05993819921107517, 0.0019870606101721894, 0.0003034264079433545]
[0.03706406725388324, 0.9097285628879045, 0.05186066734017277, 0.0011496889437889294, 0.00019701357425041684]
[0.0647045511821989, 0.8651561222729981, 0.06713478975281761, 0.0022632629193892655, 0.0007412738725960398]
[0.12382662034124393, 0.7455117229971621, 0.11503480695548449, 0.00969817217312875, 0.005928677532980668]

[0.019337043623511033, 0.9176384118538622, 0.05544721118096816, 0.004960458780197155, 0.002616874561461354]
[0.01002561962164739, 0.9484191627123026, 0.038485673094931436, 0.0023189595155098863, 0.0007505850556086302]
[0.018261967633515817, 0.9195093461372934, 0.05993819921107517, 0.0019870606101721894, 0.0003034264079433545]
[0.03706406725388324, 0.9097285628879045, 0.05186066734017277, 0.0011496889437889294, 0.00019701357425041684]
[0.0647045511821989, 0.8651561222729981, 0.06713478975281761, 0.0022632629193892655, 0.0007412738725960398]
[0.12382662034124393, 0.7455117229971621, 0.11503480695548449, 0.00969817217312875, 0.005928677532980668]

[0.32402570511619183, 0.347672520912183, 0.21483309083089364, 0.0636091509641398, 0.049859532176591705]
[0.3133754026951605, 0.4011100979732625, 0.18295979759024122, 0.055577203277023396, 0.04697749846431243]
[0.22968849891794535, 0.46601909031111866, 0.18816348706452823, 0.053906837648074565, 0.062222086058333216]
[0.16288419937244195, 0.4296271569953847, 0.2922327066733683, 0.06456108547603112, 0.050694851482773855]

[0.22232316893558665, 0.26050905140252245, 0.2944635666677806, 0.1034280273016522, 0.1192761856924582]
[0.21260723458491748, 0.2743440821387712, 0.290771009923038, 0.09579767098773799, 0.12648000236553542]
[0.15823057501255564, 0.3493132201636251, 0.26032350619691086, 0.08927702413927219, 0.14285567448763625]
[0.11431147162026986, 0.3306282153339896, 0.3402639809050871, 0.1043249102587228, 0.11047142188193078]

[0.029992039535823325, 0.8902203689350746, 0.052010953937180956, 0.011539240359060628, 0.016237397232860436]
[0.021188475805534127, 0.9313089470403623, 0.02640023425932938, 0.0188576331823126, 0.002244709712461748]
[0.020845345908503427, 0.931170732133734, 0.028159665717090592, 0.019275774253117633, 0.0005484819875544787]
[0.02895680194547985, 0.891652042262276, 0.06019586103162273, 0.018521205531440342, 0.0006740892291810739]
[0.06132860699442622, 0.7195421252970337, 0.20723687148944941, 0.008169044101920436, 0.0037233521171702185]
[0.20118990695649475, 0.5386342725899305, 0.20147969195266408, 0.02311988014419645, 0.03557624835671428]
[0.2751754318713586, 0.4000474602455146, 0.19674560654533074, 0.03325695420568306, 0.09477454713211317]
[0.302437111935386, 0.28371700483180534, 0.176959979130499, 0.0303806087229344, 0.20650529537937537]

[0.029992039535823325, 0.8902203689350746, 0.052010953937180956, 0.011539240359060628, 0.016237397232860436]
[0.021188475805534127, 0.9313089470403623, 0.02640023425932938, 0.0188576331823126, 0.002244709712461748]
[0.020845345908503427, 0.931170732133734, 0.028159665717090592, 0.019275774253117633, 0.0005484819875544787]
[0.02895680194547985, 0.891652042262276, 0.06019586103162273, 0.018521205531440342, 0.0006740892291810739]
[0.06132860699442622, 0.7195421252970337, 0.20723687148944941, 0.008169044101920436, 0.0037233521171702185]
[0.20118990695649475, 0.5386342725899305, 0.20147969195266408, 0.02311988014419645, 0.03557624835671428]
[0.2751754318713586, 0.4000474602455146, 0.19674560654533074, 0.03325695420568306, 0.09477454713211317]
[0.302437111935386, 0.28371700483180534, 0.176959979130499, 0.0303806087229344, 0.20650529537937537]

[0.37488781560301476, 0.5819742553417419, 0.03949573403423707, 0.0009900254944528928, 0.002652169526554038]
[0.4264095684493565, 0.5460874671272314, 0.02461734214324497, 0.00043147322878993815, 0.0024541490513778127]
[0.44080022193970986, 0.5217213976993073, 0.03285204193838976, 0.0009634990551436972, 0.003662839367450117]
[0.4969842092453536, 0.45098994462757097, 0.04395110237608048, 0.001710628499225442, 0.006364115251770168]
[0.6063970000837756, 0.31407602790385764, 0.06421022582428011, 0.00351084678124009, 0.011805899406847243]
[0.6017087067514221, 0.3058260048120823, 0.07154484309693218, 0.0047429960085213635, 0.016177449331042624]
[0.5610682507230178, 0.34042512879427916, 0.07423378620303532, 0.003769609148841237, 0.020503225130827116]
[0.5855949354338893, 0.3245912531686402, 0.059818106158174116, 0.009373283976387349, 0.020622421262909436]
[0.5867468999023766, 0.32841620368967134, 0.055321026996391666, 0.008898500281876281, 0.020617369129684458]
[0.5952541227193813, 0.34836164412208864, 0.028272771806650276, 0.011142932614889961, 0.016968528736990285]
[0.5420985380821975, 0.41775191047083327, 0.02058680744810235, 0.008469255990241233, 0.01109348800862585]
[0.40149197641196244, 0.5733166840211066, 0.01938180041166737, 0.002546424590648355, 0.0032631145646154418]
[0.41473788485947277, 0.555262853658557, 0.026989292816790807, 0.0013249853833159186, 0.0016849832818636183]
[0.41806927371770247, 0.5504827663618707, 0.028925892013199752, 0.0013136341579291992, 0.0012084337492977567]
[0.38150408394746943, 0.5418114326716695, 0.0716795239866641, 0.0029353583977564444, 0.002069600996440448]

[0.38249035400382875, 0.575487027209867, 0.03853663831400772, 0.000977629179673579, 0.00250835129262327]
[0.43707779962994253, 0.53671661856443, 0.02352557356721454, 0.0004143255237741398, 0.002265682714639269]
[0.45512155597788867, 0.5098874368766019, 0.030731004277810274, 0.0009116903262671192, 0.0033483125414325602]
[0.5165160524186749, 0.43604445850939183, 0.04006333182111132, 0.0015933332262458454, 0.005782824024576748]
[0.6335195508601822, 0.29529961798927024, 0.05726917954397005, 0.003217897868557095, 0.010693753738020907]
[0.6369028114771204, 0.28167272901183593, 0.06248283571225651, 0.004322663959424928, 0.01461895983936261]
[0.6077053023401128, 0.30708287838980847, 0.06323616552788298, 0.003481957334093985, 0.018493696408102177]
[0.6466250002651208, 0.2774850873032634, 0.04872325653439314, 0.008657668250898712, 0.01850898764632418]
[0.6677199785774979, 0.2620568376002556, 0.04331850392557191, 0.008461483580004883, 0.018443196316669797]
[0.704327404188674, 0.24883163597988484, 0.021061245685877805, 0.01065009484722239, 0.015129619298340998]
[0.6969873117749408, 0.26824316948333016, 0.01610823203889588, 0.008459697997917072, 0.010201588704916274]
[0.6381181871488446, 0.334855272826184, 0.019836557546966064, 0.002848001987451817, 0.004341980490553644]
[0.5892540127651018, 0.3860718929112828, 0.02112792777490248, 0.001394522482566321, 0.0021516440661466098]
[0.546934307983414, 0.42857868331278487, 0.021864497957988453, 0.0012113317340135107, 0.0014111790117990537]
[0.4749805385666327, 0.4635683422042119, 0.05673854852780481, 0.0025919370262058403, 0.002120633675144626]

[0.5643373549707286, 0.38567581727644057, 0.04267500683297168, 0.0063257765312929055, 0.0009860443885664752]
[0.7740896934935066, 0.2098679546042941, 0.014988812890631939, 0.0006788232307947875, 0.00037471578077282906]
[0.8193535486515955, 0.17456565228028584, 0.005724073159762407, 0.0002707706133888523, 8.595529496755884e-05]
[0.7386420029935324, 0.25805414703239404, 0.0032071118510187215, 7.242752126923867e-05, 2.4310601785647457e-05]
[0.5658646204916511, 0.42964760981020694, 0.00440588120030094, 6.18086331960107e-05, 2.0079864645232967e-05]
[0.40949222856141004, 0.5851095685591405, 0.005214171379905035, 0.00011145539178626198, 7.25761077584362e-05]
[0.25436184258140976, 0.732987994980538, 0.012204479030764335, 0.0003479654318581839, 9.771797542981706e-05]
[0.12735666457384104, 0.8566769788656692, 0.01430362819488376, 0.0015384882539481732, 0.00012424011165800873]
[0.0396846163419609, 0.9331538104882666, 0.024635818116092178, 0.0023221508476202256, 0.0002036042060602753]
[0.009802594405782267, 0.9594533068911938, 0.023812129884949584, 0.005580256766750454, 0.0013517120513240233]
[0.03656827869117102, 0.8544689697792527, 0.09012362928595868, 0.016293154168467525, 0.0025459680751503634]
[0.12532589948046668, 0.6583785985881722, 0.17148453408303466, 0.03085993422393131, 0.013951033624395306]
[0.2030883840560312, 0.49020391589186246, 0.22472004635026638, 0.04586049289072369, 0.036127160811116346]
[0.22754390579899708, 0.39303677144247845, 0.2592750211139518, 0.062107377939066795, 0.058036923705506144]

[0.5629622665513873, 0.38327575822322013, 0.04540605331302837, 0.007216525046491737, 0.0011393968658722623]
[0.7723715689485551, 0.2065469901597339, 0.018242689531616483, 0.0023050732958608284, 0.0005336780642334202]
[0.872525173173129, 0.12017727489078046, 0.00682260047573887, 0.00028579255313615167, 0.00018915890721520124]
[0.8802746744953559, 0.11662746624773777, 0.002910465695262583, 0.0001411295463272842, 4.6264015316287114e-05]
[0.7836040092343557, 0.2142761036225221, 0.002051800890177314, 5.072185290523336e-05, 1.7364400039722057e-05]
[0.5965298018464792, 0.3997540326855147, 0.003641918038840797, 5.565670771541118e-05, 1.85907214499744e-05]
[0.4290960691748603, 0.5659207314440393, 0.0048058614532315285, 0.00010649719743172069, 7.084073043701509e-05]
[0.2650954999169468, 0.7226752424364852, 0.011789949709943357, 0.00034228592606918494, 9.702201055536146e-05]
[0.13196803875498328, 0.8523241483225473, 0.014059882062479495, 0.001524049909366631, 0.00012388095062291354]
[0.04083893195710269, 0.9321835765990031, 0.02446389321619271, 0.002310201237709799, 0.00020339698999161215]
[0.009971794527537676, 0.9593733574168359, 0.02374228029809774, 0.005562866329832925, 0.0013497014276956684]
[0.03666612707369189, 0.8544474828889603, 0.09007064637802038, 0.01627223189326677, 0.0025435117660605275]
[0.12540525160178242, 0.6583686265839814, 0.1714411723905258, 0.030840522378892406, 0.013944427044817869]
[0.20315552918012658, 0.4902005059919918, 0.22468436655107213, 0.045843951074219326, 0.03611564720259026]
[0.22759970641352803, 0.3930395570889869, 0.2592453865208177, 0.06209279995495268, 0.058022550021714636]

[0.02059086460138097, 0.9292290893240144, 0.034269812716607, 0.008651873251753954, 0.007258360106243503]
[0.0046149117214474705, 0.9444921026509508, 0.043955894968714396, 0.003945875156403358, 0.002991215502483729]
[0.002964709918074974, 0.932118006748703, 0.061021152697575895, 0.003131605436190586, 0.0007645251994553866]
[0.020624075385791953, 0.9231710660158423, 0.052289079607194255, 0.003583301912368716, 0.00033247707880273416]
[0.019872628182906114, 0.8807739310544315, 0.09283934185333768, 0.005656852664269255, 0.0008572462450553591]
[0.03360005508382341, 0.8539278132370293, 0.09993705493523265, 0.010078086756569574, 0.002456989987345101]
[0.06829332088454453, 0.7950293219254903, 0.11437406081932475, 0.0181610155931242, 0.004142280777516467]
[0.16697095799969885, 0.6550490188126853, 0.13690920588630728, 0.0355748648651451, 0.005495952436163736]
[0.19502791405053457, 0.5515068187248238, 0.1981493182006408, 0.0482006118516392, 0.007115337172361725]
[0.17595880605356967, 0.42291671523803454, 0.34202898696173983, 0.04958112252274635, 0.00951436922390952]

[0.02059086460138097, 0.9292290893240144, 0.034269812716607, 0.008651873251753954, 0.007258360106243503]
[0.0046149117214474705, 0.9444921026509508, 0.043955894968714396, 0.003945875156403358, 0.002991215502483729]
[0.002964709918074974, 0.932118006748703, 0.061021152697575895, 0.003131605436190586, 0.0007645251994553866]
[0.020624075385791953, 0.9231710660158423, 0.052289079607194255, 0.003583301912368716, 0.00033247707880273416]
[0.019872628182906114, 0.8807739310544315, 0.09283934185333768, 0.005656852664269255, 0.0008572462450553591]
[0.03360005508382341, 0.8539278132370293, 0.09993705493523265, 0.010078086756569574, 0.002456989987345101]
[0.06829332088454453, 0.7950293219254903, 0.11437406081932475, 0.0181610155931242, 0.004142280777516467]
[0.16697095799969885, 0.6550490188126853, 0.13690920588630728, 0.0355748648651451, 0.005495952436163736]
[0.19502791405053457, 0.5515068187248238, 0.1981493182006408, 0.0482006118516392, 0.007115337172361725]
[0.17595880605356967, 0.42291671523803454, 0.34202898696173983, 0.04958112252274635, 0.00951436922390952]

[0.006369490855403076, 0.5456956423993313, 0.3946022313613249, 0.0480973199270322, 0.005235315456908409]
[0.0021654727925770165, 0.5480647245641823, 0.4133250437173475, 0.03430029154611079, 0.002144467379782215]
[0.001765437268690687, 0.5477370994769165, 0.41890053512693687, 0.029758074032275508, 0.001838854095180481]
[0.0020872911595278664, 0.5477183085416499, 0.4149159919501419, 0.0316864108891954, 0.0035919974594849787]
[0.005785304907300852, 0.5461705562277032, 0.3967865877635015, 0.03943888564159853, 0.011818665459895917]
[0.04322423229360047, 0.5151148155545379, 0.347120935705847, 0.04630375282232151, 0.04823626362369318]

[0.00647214402193498, 0.5394058474854448, 0.3889344141335778, 0.05527814991527921, 0.00990944444376337]
[0.002680211231127572, 0.5418900312900736, 0.4013841663061177, 0.04541255797181149, 0.008633033200869543]
[0.005948760429282216, 0.5401553214350258, 0.3902586169947529, 0.04701749352104779, 0.016619807619891326]
[0.04309930695220881, 0.5094645309581711, 0.3435312892472417, 0.04993486348709263, 0.05397000935528574]

[0.0254300967912034, 0.3793708849126283, 0.27357786245291466, 0.22698036220042317, 0.09464079364283086]
[0.02070263331539679, 0.20252436731329368, 0.5211838789639096, 0.1936595939938307, 0.06192952641356967]
[0.02393977758228502, 0.15249835319433266, 0.6124384137215823, 0.16862204549961923, 0.04250141000218108]
[0.03853107551005534, 0.17383430018343188, 0.6104643763700246, 0.14714619739846158, 0.030024050538026835]
[0.08633411457968085, 0.27739579760074984, 0.49166829345910396, 0.12494444389927602, 0.019657350461189462]
[0.2554241075892278, 0.5073197765715666, 0.14788833591802525, 0.0833440114448006, 0.006023768476379915]
[0.3943234905465654, 0.49922978919366007, 0.05458174911830145, 0.04951529059491383, 0.0023496805465595726]
[0.4904462409078821, 0.45018459248487463, 0.02698717905283812, 0.031167943889726525, 0.00121404366467883]
[0.5519498434562167, 0.4051854636279833, 0.01929634902180301, 0.02268533038622119, 0.0008830135077759451]
[0.5876535571493746, 0.3701554409559816, 0.0215684342367746, 0.019623277164368038, 0.0009992904935010865]
[0.605300559905339, 0.3345012282318064, 0.03902052100342244, 0.019292313300616898, 0.0018853775588151837]
[0.6299864048707314, 0.29993872581148845, 0.049254288444363296, 0.018571867523639617, 0.002248713349777141]
[0.6143055114235445, 0.2955850118136501, 0.06465022042519734, 0.021664800632902364, 0.003794455704705724]
[0.5619557587195236, 0.30888325249827425, 0.09223635285238935, 0.028500472469114715, 0.008424163460698117]

[0.0254300967912034, 0.3793708849126283, 0.27357786245291466, 0.22698036220042317, 0.09464079364283086]
[0.02070263331539679, 0.20252436731329368, 0.5211838789639096, 0.1936595939938307, 0.06192952641356967]
[0.02393977758228502, 0.15249835319433266, 0.6124384137215823, 0.16862204549961923, 0.04250141000218108]
[0.03853107551005534, 0.17383430018343188, 0.6104643763700246, 0.14714619739846158, 0.030024050538026835]
[0.08633411457968085, 0.27739579760074984, 0.49166829345910396, 0.12494444389927602, 0.019657350461189462]
[0.2554241075892278, 0.5073197765715666, 0.14788833591802525, 0.0833440114448006, 0.006023768476379915]
[0.3943234905465654, 0.49922978919366007, 0.05458174911830145, 0.04951529059491383, 0.0023496805465595726]
[0.4904462409078821, 0.45018459248487463, 0.02698717905283812, 0.031167943889726525, 0.00121404366467883]
[0.5519498434562167, 0.4051854636279833, 0.01929634902180301, 0.02268533038622119, 0.0008830135077759451]
[0.5876535571493746, 0.3701554409559816, 0.0215684342367746, 0.019623277164368038, 0.0009992904935010865]
[0.605300559905339, 0.3345012282318064, 0.03902052100342244, 0.019292313300616898, 0.0018853775588151837]
[0.6299864048707314, 0.29993872581148845, 0.049254288444363296, 0.018571867523639617, 0.002248713349777141]
[0.6143055114235445, 0.2955850118136501, 0.06465022042519734, 0.021664800632902364, 0.003794455704705724]
[0.5619557587195236, 0.30888325249827425, 0.09223635285238935, 0.028500472469114715, 0.008424163460698117]

[0.29826741064197787, 0.5668000617594949, 0.036519965299092405, 0.03346262356788346, 0.06494993873155173]
[0.31547964900765707, 0.5757502797154589, 0.019587856166369415, 0.027160722815996782, 0.06202149229451804]
[0.32400349936279554, 0.5769446368390632, 0.015322011147473715, 0.02528655236153833, 0.05844330028912935]
[0.32450981678989127, 0.577817374580168, 0.015294039552598709, 0.02815101431622378, 0.05422775476111837]
