[0.006425242759617022, 0.47449876912464706, 0.48841398679582065, 0.028356968572895012, 0.0013341701899100321, 0.00018518140579973578]
[0.0032263593931685444, 0.5240336093687804, 0.45009686815666233, 0.011017460778356221, 0.001083036721604004, 0.0001268188771634021]
null
null
[0.006425242759617022, 0.47449876912464706, 0.48841398679582065, 0.028356968572895012, 0.0013341701899100321, 0.00018518140579973578]
[0.0032263593931685444, 0.5240336093687804, 0.45009686815666233, 0.011017460778356221, 0.001083036721604004, 0.0001268188771634021]
null
null
[0.006425242759617022, 0.47449876912464706, 0.48841398679582065, 0.028356968572895012, 0.0013341701899100321, 0.00018518140579973578]
null
null
null
null
null
[0.006425242759617022, 0.47449876912464706, 0.48841398679582065, 0.028356968572895012, 0.0013341701899100321, 0.00018518140579973578]
null
null
null
null
[0.009382877360243574, 0.43246436746843075, 0.514566887243978, 0.03619164559181881, 0.002296878946485011, 0.00048776092855105235]
null
null
null
null
null
null
null
null
null
null
null
null
null
null
null
null
null
null
null
null
null
null
null
null
null
null
null
null
null
null
null
null
null
null
null
null
[0.006794415238273488, 0.36606958764739056, 0.6347434107551836, 0.014138734643909768, 0.00497402114206332, 0.0004887096207858552]
null
null
[0.006425242759617022, 0.47449876912464706, 0.48841398679582065, 0.028356968572895012, 0.0013341701899100321, 0.00018518140579973578]
null
[0.006425242759617022, 0.47449876912464706, 0.48841398679582065, 0.028356968572895012, 0.0013341701899100321, 0.00018518140579973578]
null
[0.0032263593931685444, 0.5240336093687804, 0.45009686815666233, 0.011017460778356221, 0.001083036721604004, 0.0001268188771634021]
null
null
null
null
[0.006794415238273488, 0.36606958764739056, 0.6347434107551836, 0.014138734643909768, 0.00497402114206332, 0.0004887096207858552]
null
null
null
null
null
null
null
null
null
null
null
null
null
null
null
null
null
null
null
null
null
null
null
null
null
null
null
null
null
null
null
null
null
null
null
null
null
null
null
null
null
null
null
null
null
null
[0.006425242759617022, 0.47449876912464706, 0.48841398679582065, 0.028356968572895012, 0.0013341701899100321, 0.00018518140579973578]
[0.006425242759617022, 0.47449876912464706, 0.48841398679582065, 0.028356968572895012, 0.0013341701899100321, 0.00018518140579973578]
null
[0.006425242759617022, 0.47449876912464706, 0.48841398679582065, 0.028356968572895012, 0.0013341701899100321, 0.00018518140579973578]
null
[0.006425242759617022, 0.47449876912464706, 0.48841398679582065, 0.028356968572895012, 0.0013341701899100321, 0.00018518140579973578]
[0.006425242759617022, 0.47449876912464706, 0.48841398679582065, 0.028356968572895012, 0.0013341701899100321, 0.00018518140579973578]
null
null
null
null
[0.006425242759617022, 0.47449876912464706, 0.48841398679582065, 0.028356968572895012, 0.0013341701899100321, 0.00018518140579973578]
null
null
null
null
null
null
null
null
null
[0.006425242759617022, 0.47449876912464706, 0.48841398679582065, 0.028356968572895012, 0.0013341701899100321, 0.00018518140579973578]
[0.0032263593931685444, 0.5240336093687804, 0.45009686815666233, 0.011017460778356221, 0.001083036721604004, 0.0001268188771634021]
null
null
null
null
null
null
[0.0032263593931685444, 0.5240336093687804, 0.45009686815666233, 0.011017460778356221, 0.001083036721604004, 0.0001268188771634021]
[0.0032263593931685444, 0.5240336093687804, 0.45009686815666233, 0.011017460778356221, 0.001083036721604004, 0.0001268188771634021]
[0.009382877360243574, 0.43246436746843075, 0.514566887243978, 0.03619164559181881, 0.002296878946485011, 0.00048776092855105235]
[0.006425242759617022, 0.47449876912464706, 0.48841398679582065, 0.028356968572895012, 0.0013341701899100321, 0.00018518140579973578]
[0.006794415238273488, 0.36606958764739056, 0.6347434107551836, 0.014138734643909768, 0.00497402114206332, 0.0004887096207858552]
[0.006425242759617022, 0.47449876912464706, 0.48841398679582065, 0.028356968572895012, 0.0013341701899100321, 0.00018518140579973578]
null
[0.009382877360243574, 0.43246436746843075, 0.514566887243978, 0.03619164559181881, 0.002296878946485011, 0.00048776092855105235]
[0.006425242759617022, 0.47449876912464706, 0.48841398679582065, 0.028356968572895012, 0.0013341701899100321, 0.00018518140579973578]
[0.006425242759617022, 0.47449876912464706, 0.48841398679582065, 0.028356968572895012, 0.0013341701899100321, 0.00018518140579973578]
[0.006425242759617022, 0.47449876912464706, 0.48841398679582065, 0.028356968572895012, 0.0013341701899100321, 0.00018518140579973578]
[0.009382877360243574, 0.43246436746843075, 0.514566887243978, 0.03619164559181881, 0.002296878946485011, 0.00048776092855105235]
[0.006425242759617022, 0.47449876912464706, 0.48841398679582065, 0.028356968572895012, 0.0013341701899100321, 0.00018518140579973578]
null
null
null
null
null
null
null
null
null
null
[0.006425242759617022, 0.47449876912464706, 0.48841398679582065, 0.028356968572895012, 0.0013341701899100321, 0.00018518140579973578]
[0.006425242759617022, 0.47449876912464706, 0.48841398679582065, 0.028356968572895012, 0.0013341701899100321, 0.00018518140579973578]
[0.009382877360243574, 0.43246436746843075, 0.514566887243978, 0.03619164559181881, 0.002296878946485011, 0.00048776092855105235]
[0.006425242759617022, 0.47449876912464706, 0.48841398679582065, 0.028356968572895012, 0.0013341701899100321, 0.00018518140579973578]
[0.0032263593931685444, 0.5240336093687804, 0.45009686815666233, 0.011017460778356221, 0.001083036721604004, 0.0001268188771634021]
[0.0032263593931685444, 0.5240336093687804, 0.45009686815666233, 0.011017460778356221, 0.001083036721604004, 0.0001268188771634021]
[0.009382877360243574, 0.43246436746843075, 0.514566887243978, 0.03619164559181881, 0.002296878946485011, 0.00048776092855105235]
[0.0032263593931685444, 0.5240336093687804, 0.45009686815666233, 0.011017460778356221, 0.001083036721604004, 0.0001268188771634021]
[0.006425242759617022, 0.47449876912464706, 0.48841398679582065, 0.028356968572895012, 0.0013341701899100321, 0.00018518140579973578]
[0.0032265368820232738, 0.5240217388645683, 0.45011061129537105, 0.011017663761019165, 0.0010831586706992733, 0.00012683149651017517]
[0.0032263593931685444, 0.5240336093687804, 0.45009686815666233, 0.011017460778356221, 0.001083036721604004, 0.0001268188771634021]
null
null
null
null
[0.009382877360243574, 0.43246436746843075, 0.514566887243978, 0.03619164559181881, 0.002296878946485011, 0.00048776092855105235]
null
null
null
null
null
null
null
[0.006794415238273488, 0.36606958764739056, 0.6347434107551836, 0.014138734643909768, 0.00497402114206332, 0.0004887096207858552]
[0.009382877360243574, 0.43246436746843075, 0.514566887243978, 0.03619164559181881, 0.002296878946485011, 0.00048776092855105235]
null
[0.009382877360243574, 0.43246436746843075, 0.514566887243978, 0.03619164559181881, 0.002296878946485011, 0.00048776092855105235]
[0.009382877360243574, 0.43246436746843075, 0.514566887243978, 0.03619164559181881, 0.002296878946485011, 0.00048776092855105235]
null
[0.006425242759617022, 0.47449876912464706, 0.48841398679582065, 0.028356968572895012, 0.0013341701899100321, 0.00018518140579973578]
[0.006794415238273488, 0.36606958764739056, 0.6347434107551836, 0.014138734643909768, 0.00497402114206332, 0.0004887096207858552]
null
[0.009382877360243574, 0.43246436746843075, 0.514566887243978, 0.03619164559181881, 0.002296878946485011, 0.00048776092855105235]
[0.0032263593931685444, 0.5240336093687804, 0.45009686815666233, 0.011017460778356221, 0.001083036721604004, 0.0001268188771634021]
null
null
null
[0.0032263593931685444, 0.5240336093687804, 0.45009686815666233, 0.011017460778356221, 0.001083036721604004, 0.0001268188771634021]
null
null
null
null
[0.006425242759617022, 0.47449876912464706, 0.48841398679582065, 0.028356968572895012, 0.0013341701899100321, 0.00018518140579973578]
[0.009382877360243574, 0.43246436746843075, 0.514566887243978, 0.03619164559181881, 0.002296878946485011, 0.00048776092855105235]
null
null
[0.006425242759617022, 0.47449876912464706, 0.48841398679582065, 0.028356968572895012, 0.0013341701899100321, 0.00018518140579973578]
null
null
[0.006425242759617022, 0.47449876912464706, 0.48841398679582065, 0.028356968572895012, 0.0013341701899100321, 0.00018518140579973578]
null
null
null
null
null
null
null
null
null
null
null
null
null
null
null
null
null
null
null
null
null
null
null
null
null
null
null
null
null
null
null
null
null
null
null
null
null
[0.006425242759617022, 0.47449876912464706, 0.48841398679582065, 0.028356968572895012, 0.0013341701899100321, 0.00018518140579973578]
null
null
[0.009382877360243574, 0.43246436746843075, 0.514566887243978, 0.03619164559181881, 0.002296878946485011, 0.00048776092855105235]
null
null
[0.0032263593931685444, 0.5240336093687804, 0.45009686815666233, 0.011017460778356221, 0.001083036721604004, 0.0001268188771634021]
[0.0032263593931685444, 0.5240336093687804, 0.45009686815666233, 0.011017460778356221, 0.001083036721604004, 0.0001268188771634021]
null
null
null
null
null
null
null
null
null
null
null
null
null
null
null
null
null
null
null
null
null
null
null
null
null
null
null
null
null
null
null
null
null
null
null
null
null
null
null
null
null
null
null
null
null
null
null
null
null
null
null
null
null
null
[0.006425242759617022, 0.47449876912464706, 0.48841398679582065, 0.028356968572895012, 0.0013341701899100321, 0.00018518140579973578]
[0.006425242759617022, 0.47449876912464706, 0.48841398679582065, 0.028356968572895012, 0.0013341701899100321, 0.00018518140579973578]
null
[0.006794415238273488, 0.36606958764739056, 0.6347434107551836, 0.014138734643909768, 0.00497402114206332, 0.0004887096207858552]
[0.006425242759617022, 0.47449876912464706, 0.48841398679582065, 0.028356968572895012, 0.0013341701899100321, 0.00018518140579973578]
null
null
null
[0.006425242759617022, 0.47449876912464706, 0.48841398679582065, 0.028356968572895012, 0.0013341701899100321, 0.00018518140579973578]
null
[0.009382877360243574, 0.43246436746843075, 0.514566887243978, 0.03619164559181881, 0.002296878946485011, 0.00048776092855105235]
null
null
null
null
null
null
null
[0.006425242759617022, 0.47449876912464706, 0.48841398679582065, 0.028356968572895012, 0.0013341701899100321, 0.00018518140579973578]
[0.0032263593931685444, 0.5240336093687804, 0.45009686815666233, 0.011017460778356221, 0.001083036721604004, 0.0001268188771634021]
null
null
null
null
null
[0.006425242759617022, 0.47449876912464706, 0.48841398679582065, 0.028356968572895012, 0.0013341701899100321, 0.00018518140579973578]
[0.006425242759617022, 0.47449876912464706, 0.48841398679582065, 0.028356968572895012, 0.0013341701899100321, 0.00018518140579973578]
null
[0.009382877360243574, 0.43246436746843075, 0.514566887243978, 0.03619164559181881, 0.002296878946485011, 0.00048776092855105235]
null
[0.0032263593931685444, 0.5240336093687804, 0.45009686815666233, 0.011017460778356221, 0.001083036721604004, 0.0001268188771634021]
null
[0.006425242759617022, 0.47449876912464706, 0.48841398679582065, 0.028356968572895012, 0.0013341701899100321, 0.00018518140579973578]
[0.006425242759617022, 0.47449876912464706, 0.48841398679582065, 0.028356968572895012, 0.0013341701899100321, 0.00018518140579973578]
[0.006425242759617022, 0.47449876912464706, 0.48841398679582065, 0.028356968572895012, 0.0013341701899100321, 0.00018518140579973578]
[0.009382877360243574, 0.43246436746843075, 0.514566887243978, 0.03619164559181881, 0.002296878946485011, 0.00048776092855105235]
null
[0.006425242759617022, 0.47449876912464706, 0.48841398679582065, 0.028356968572895012, 0.0013341701899100321, 0.00018518140579973578]
[0.006794415238273488, 0.36606958764739056, 0.6347434107551836, 0.014138734643909768, 0.00497402114206332, 0.0004887096207858552]
null
[0.006425242759617022, 0.47449876912464706, 0.48841398679582065, 0.028356968572895012, 0.0013341701899100321, 0.00018518140579973578]
null
null
[0.0032263593931685444, 0.5240336093687804, 0.45009686815666233, 0.011017460778356221, 0.001083036721604004, 0.0001268188771634021]
null
null
null
null
null
null
null
null
null
null
[0.006425242759617022, 0.47449876912464706, 0.48841398679582065, 0.028356968572895012, 0.0013341701899100321, 0.00018518140579973578]
[0.006425242759617022, 0.47449876912464706, 0.48841398679582065, 0.028356968572895012, 0.0013341701899100321, 0.00018518140579973578]
[0.006425242759617022, 0.47449876912464706, 0.48841398679582065, 0.028356968572895012, 0.0013341701899100321, 0.00018518140579973578]
[0.006425242759617022, 0.47449876912464706, 0.48841398679582065, 0.028356968572895012, 0.0013341701899100321, 0.00018518140579973578]
null
null
[0.009382877360243574, 0.43246436746843075, 0.514566887243978, 0.03619164559181881, 0.002296878946485011, 0.00048776092855105235]
[0.006425242759617022, 0.47449876912464706, 0.48841398679582065, 0.028356968572895012, 0.0013341701899100321, 0.00018518140579973578]
[0.006425242759617022, 0.47449876912464706, 0.48841398679582065, 0.028356968572895012, 0.0013341701899100321, 0.00018518140579973578]
null
null
[0.009382877360243574, 0.43246436746843075, 0.514566887243978, 0.03619164559181881, 0.002296878946485011, 0.00048776092855105235]
[0.009382877360243574, 0.43246436746843075, 0.514566887243978, 0.03619164559181881, 0.002296878946485011, 0.00048776092855105235]
null
null
[0.006425242759617022, 0.47449876912464706, 0.48841398679582065, 0.028356968572895012, 0.0013341701899100321, 0.00018518140579973578]
null
null
null
null
[0.0032263593931685444, 0.5240336093687804, 0.45009686815666233, 0.011017460778356221, 0.001083036721604004, 0.0001268188771634021]
null
[0.0032263593931685444, 0.5240336093687804, 0.45009686815666233, 0.011017460778356221, 0.001083036721604004, 0.0001268188771634021]
null
null
null
[0.006425242759617022, 0.47449876912464706, 0.48841398679582065, 0.028356968572895012, 0.0013341701899100321, 0.00018518140579973578]
[0.006425242759617022, 0.47449876912464706, 0.48841398679582065, 0.028356968572895012, 0.0013341701899100321, 0.00018518140579973578]
[0.0032263593931685444, 0.5240336093687804, 0.45009686815666233, 0.011017460778356221, 0.001083036721604004, 0.0001268188771634021]
null
[0.0032263593931685444, 0.5240336093687804, 0.45009686815666233, 0.011017460778356221, 0.001083036721604004, 0.0001268188771634021]
null
null
null
[0.006425242759617022, 0.47449876912464706, 0.48841398679582065, 0.028356968572895012, 0.0013341701899100321, 0.00018518140579973578]
[0.006425242759617022, 0.47449876912464706, 0.48841398679582065, 0.028356968572895012, 0.0013341701899100321, 0.00018518140579973578]
[0.006425242759617022, 0.47449876912464706, 0.48841398679582065, 0.028356968572895012, 0.0013341701899100321, 0.00018518140579973578]
[0.006425242759617022, 0.47449876912464706, 0.48841398679582065, 0.028356968572895012, 0.0013341701899100321, 0.00018518140579973578]
null
[0.009382877360243574, 0.43246436746843075, 0.514566887243978, 0.03619164559181881, 0.002296878946485011, 0.00048776092855105235]
[0.0032263593931685444, 0.5240336093687804, 0.45009686815666233, 0.011017460778356221, 0.001083036721604004, 0.0001268188771634021]
null
[0.009382877360243574, 0.43246436746843075, 0.514566887243978, 0.03619164559181881, 0.002296878946485011, 0.00048776092855105235]
null
null
[0.006425242759617022, 0.47449876912464706, 0.48841398679582065, 0.028356968572895012, 0.0013341701899100321, 0.00018518140579973578]
null
[0.009382877360243574, 0.43246436746843075, 0.514566887243978, 0.03619164559181881, 0.002296878946485011, 0.00048776092855105235]
null
null
null
null
[0.0032263593931685444, 0.5240336093687804, 0.45009686815666233, 0.011017460778356221, 0.001083036721604004, 0.0001268188771634021]
null
null
null
null
null
null
null
null
null
null
null
null
null
null
null
null
null
null
null
null
null
null
null
null
null
null
null
null
null
null
null
null
null
null
null
null
null
[0.0032263593931685444, 0.5240336093687804, 0.45009686815666233, 0.011017460778356221, 0.001083036721604004, 0.0001268188771634021]
null
null
null
null
null
null
null
null
null
null
null
null
null
null
[0.006425242759617022, 0.47449876912464706, 0.48841398679582065, 0.028356968572895012, 0.0013341701899100321, 0.00018518140579973578]
null
null
null
[0.0032263593931685444, 0.5240336093687804, 0.45009686815666233, 0.011017460778356221, 0.001083036721604004, 0.0001268188771634021]
null
null
null
null
null
null
null
null
null
null
null
null
null
null
null
null
null
null
null
null
null
null
[0.0032263593931685444, 0.5240336093687804, 0.45009686815666233, 0.011017460778356221, 0.001083036721604004, 0.0001268188771634021]
[0.0032263593931685444, 0.5240336093687804, 0.45009686815666233, 0.011017460778356221, 0.001083036721604004, 0.0001268188771634021]
[0.009382877360243574, 0.43246436746843075, 0.514566887243978, 0.03619164559181881, 0.002296878946485011, 0.00048776092855105235]
null
[0.006425242759617022, 0.47449876912464706, 0.48841398679582065, 0.028356968572895012, 0.0013341701899100321, 0.00018518140579973578]
[0.009382877360243574, 0.43246436746843075, 0.514566887243978, 0.03619164559181881, 0.002296878946485011, 0.00048776092855105235]
null
[0.006425242759617022, 0.47449876912464706, 0.48841398679582065, 0.028356968572895012, 0.0013341701899100321, 0.00018518140579973578]
[0.009382877360243574, 0.43246436746843075, 0.514566887243978, 0.03619164559181881, 0.002296878946485011, 0.00048776092855105235]
null
null
null
null
null
null
null
null
[0.0032263593931685444, 0.5240336093687804, 0.45009686815666233, 0.011017460778356221, 0.001083036721604004, 0.0001268188771634021]
null
null
null
null
null
null
null
null
null
null
null
null
null
null
null
null
null
null
null
null
null
null
null
null
null
null
null
null
null
null
null
null
null
[0.006425242759617022, 0.47449876912464706, 0.48841398679582065, 0.028356968572895012, 0.0013341701899100321, 0.00018518140579973578]
null
null
null
null
null
[0.006425242759617022, 0.47449876912464706, 0.48841398679582065, 0.028356968572895012, 0.0013341701899100321, 0.00018518140579973578]
[0.0032263593931685444, 0.5240336093687804, 0.45009686815666233, 0.011017460778356221, 0.001083036721604004, 0.0001268188771634021]
null
null
null
null
null
null
null
null
null
null
null
null
null
null
null
null
null
null
null
null
null
null
null
null
null
null
null
null
null
null
null
null
null
null
null
null
null
null
null
null
null
null
null
null
null
null
null
null
null
null
null
[0.006425242759617022, 0.47449876912464706, 0.48841398679582065, 0.028356968572895012, 0.0013341701899100321, 0.00018518140579973578]
[0.006425242759617022, 0.47449876912464706, 0.48841398679582065, 0.028356968572895012, 0.0013341701899100321, 0.00018518140579973578]
null
null
[0.006425242759617022, 0.47449876912464706, 0.48841398679582065, 0.028356968572895012, 0.0013341701899100321, 0.00018518140579973578]
[0.009382877360243574, 0.43246436746843075, 0.514566887243978, 0.03619164559181881, 0.002296878946485011, 0.00048776092855105235]
[0.006425242759617022, 0.47449876912464706, 0.48841398679582065, 0.028356968572895012, 0.0013341701899100321, 0.00018518140579973578]
null
[0.006425242759617022, 0.47449876912464706, 0.48841398679582065, 0.028356968572895012, 0.0013341701899100321, 0.00018518140579973578]
null
null
null
null
[0.006425242759617022, 0.47449876912464706, 0.48841398679582065, 0.028356968572895012, 0.0013341701899100321, 0.00018518140579973578]
null
null
null
[0.009382877360243574, 0.43246436746843075, 0.514566887243978, 0.03619164559181881, 0.002296878946485011, 0.00048776092855105235]
null
null
[0.006425242759617022, 0.47449876912464706, 0.48841398679582065, 0.028356968572895012, 0.0013341701899100321, 0.00018518140579973578]
null
[0.009382877176201967, 0.43246436962955176, 0.5145668858879086, 0.03619164513565978, 0.0022968788817810597, 0.00048776090404611114]
[0.009382877360243574, 0.43246436746843075, 0.514566887243978, 0.03619164559181881, 0.002296878946485011, 0.00048776092855105235]
null
[0.006425242759617022, 0.47449876912464706, 0.48841398679582065, 0.028356968572895012, 0.0013341701899100321, 0.00018518140579973578]
[0.0032263593931685444, 0.5240336093687804, 0.45009686815666233, 0.011017460778356221, 0.001083036721604004, 0.0001268188771634021]
[0.006425242759617022, 0.47449876912464706, 0.48841398679582065, 0.028356968572895012, 0.0013341701899100321, 0.00018518140579973578]
[0.0032263593931685444, 0.5240336093687804, 0.45009686815666233, 0.011017460778356221, 0.001083036721604004, 0.0001268188771634021]
null
[0.009382877360243574, 0.43246436746843075, 0.514566887243978, 0.03619164559181881, 0.002296878946485011, 0.00048776092855105235]
[0.009382877360243574, 0.43246436746843075, 0.514566887243978, 0.03619164559181881, 0.002296878946485011, 0.00048776092855105235]
null
[0.009382877360243574, 0.43246436746843075, 0.514566887243978, 0.03619164559181881, 0.002296878946485011, 0.00048776092855105235]
[0.006425242759617022, 0.47449876912464706, 0.48841398679582065, 0.028356968572895012, 0.0013341701899100321, 0.00018518140579973578]
null
[0.009382877360243574, 0.43246436746843075, 0.514566887243978, 0.03619164559181881, 0.002296878946485011, 0.00048776092855105235]
null
[0.006425242759617022, 0.47449876912464706, 0.48841398679582065, 0.028356968572895012, 0.0013341701899100321, 0.00018518140579973578]
null
null
[0.0032263593931685444, 0.5240336093687804, 0.45009686815666233, 0.011017460778356221, 0.001083036721604004, 0.0001268188771634021]
null
null
null
null
null
null
[0.009382877360243574, 0.43246436746843075, 0.514566887243978, 0.03619164559181881, 0.002296878946485011, 0.00048776092855105235]
[0.0032263593931685444, 0.5240336093687804, 0.45009686815666233, 0.011017460778356221, 0.001083036721604004, 0.0001268188771634021]
null
null
[0.006794415238273488, 0.36606958764739056, 0.6347434107551836, 0.014138734643909768, 0.00497402114206332, 0.0004887096207858552]
[0.006425242759617022, 0.47449876912464706, 0.48841398679582065, 0.028356968572895012, 0.0013341701899100321, 0.00018518140579973578]
[0.006425242759617022, 0.47449876912464706, 0.48841398679582065, 0.028356968572895012, 0.0013341701899100321, 0.00018518140579973578]
null
null
[0.006425242759617022, 0.47449876912464706, 0.48841398679582065, 0.028356968572895012, 0.0013341701899100321, 0.00018518140579973578]
null
[0.0032263593931685444, 0.5240336093687804, 0.45009686815666233, 0.011017460778356221, 0.001083036721604004, 0.0001268188771634021]
[0.0032263593931685444, 0.5240336093687804, 0.45009686815666233, 0.011017460778356221, 0.001083036721604004, 0.0001268188771634021]
null
[0.006425242759617022, 0.47449876912464706, 0.48841398679582065, 0.028356968572895012, 0.0013341701899100321, 0.00018518140579973578]
[0.006425242759617022, 0.47449876912464706, 0.48841398679582065, 0.028356968572895012, 0.0013341701899100321, 0.00018518140579973578]
[0.006425242759617022, 0.47449876912464706, 0.48841398679582065, 0.028356968572895012, 0.0013341701899100321, 0.00018518140579973578]
[0.006425242759617022, 0.47449876912464706, 0.48841398679582065, 0.028356968572895012, 0.0013341701899100321, 0.00018518140579973578]
[0.006425242759617022, 0.47449876912464706, 0.48841398679582065, 0.028356968572895012, 0.0013341701899100321, 0.00018518140579973578]
[0.006425242759617022, 0.47449876912464706, 0.48841398679582065, 0.028356968572895012, 0.0013341701899100321, 0.00018518140579973578]
[0.009382877360243574, 0.43246436746843075, 0.514566887243978, 0.03619164559181881, 0.002296878946485011, 0.00048776092855105235]
[0.009382877360243574, 0.43246436746843075, 0.514566887243978, 0.03619164559181881, 0.002296878946485011, 0.00048776092855105235]
null
[0.0032263593931685444, 0.5240336093687804, 0.45009686815666233, 0.011017460778356221, 0.001083036721604004, 0.0001268188771634021]
[0.009382877360243574, 0.43246436746843075, 0.514566887243978, 0.03619164559181881, 0.002296878946485011, 0.00048776092855105235]
[0.0032263593931685444, 0.5240336093687804, 0.45009686815666233, 0.011017460778356221, 0.001083036721604004, 0.0001268188771634021]
null
null
[0.006794415238273488, 0.36606958764739056, 0.6347434107551836, 0.014138734643909768, 0.00497402114206332, 0.0004887096207858552]
[0.009382877360243574, 0.43246436746843075, 0.514566887243978, 0.03619164559181881, 0.002296878946485011, 0.00048776092855105235]
[0.0032263593931685444, 0.5240336093687804, 0.45009686815666233, 0.011017460778356221, 0.001083036721604004, 0.0001268188771634021]
[0.006425242759617022, 0.47449876912464706, 0.48841398679582065, 0.028356968572895012, 0.0013341701899100321, 0.00018518140579973578]
[0.006425242759617022, 0.47449876912464706, 0.48841398679582065, 0.028356968572895012, 0.0013341701899100321, 0.00018518140579973578]
null
null
[0.0032263593931685444, 0.5240336093687804, 0.45009686815666233, 0.011017460778356221, 0.001083036721604004, 0.0001268188771634021]
null
null
[0.009382877360243574, 0.43246436746843075, 0.514566887243978, 0.03619164559181881, 0.002296878946485011, 0.00048776092855105235]
null
null
null
null
[0.006425242759617022, 0.47449876912464706, 0.48841398679582065, 0.028356968572895012, 0.0013341701899100321, 0.00018518140579973578]
null
null
null
null
null
null
null
null
null
null
null
null
null
null
null
null
null
null
null
null
null
null
null
null
null
null
null
null
null
null
null
null
null
null
null
null
null
null
null
[0.0032263593931685444, 0.5240336093687804, 0.45009686815666233, 0.011017460778356221, 0.001083036721604004, 0.0001268188771634021]
null
null
null
null
null
[0.0032263593931685444, 0.5240336093687804, 0.45009686815666233, 0.011017460778356221, 0.001083036721604004, 0.0001268188771634021]
null
null
null
null
[0.009382877360243574, 0.43246436746843075, 0.514566887243978, 0.03619164559181881, 0.002296878946485011, 0.00048776092855105235]
null
null
null
null
null
null
null
null
null
null
null
null
null
null
null
null
null
null
null
null
null
null
null
null
null
null
null
null
null
null
null
null
null
null
null
null
null
null
null
null
null
null
null
null
null
null
null
null
null
null
[0.006425242759617022, 0.47449876912464706, 0.48841398679582065, 0.028356968572895012, 0.0013341701899100321, 0.00018518140579973578]
null
null
null
[0.006425242759617022, 0.47449876912464706, 0.48841398679582065, 0.028356968572895012, 0.0013341701899100321, 0.00018518140579973578]
null
null
[0.006425242759617022, 0.47449876912464706, 0.48841398679582065, 0.028356968572895012, 0.0013341701899100321, 0.00018518140579973578]
[0.006794415238273488, 0.36606958764739056, 0.6347434107551836, 0.014138734643909768, 0.00497402114206332, 0.0004887096207858552]
[0.006425242759617022, 0.47449876912464706, 0.48841398679582065, 0.028356968572895012, 0.0013341701899100321, 0.00018518140579973578]
null
[0.006425242759617022, 0.47449876912464706, 0.48841398679582065, 0.028356968572895012, 0.0013341701899100321, 0.00018518140579973578]
[0.006425242759617022, 0.47449876912464706, 0.48841398679582065, 0.028356968572895012, 0.0013341701899100321, 0.00018518140579973578]
null
null
null
null
[0.006425242759617022, 0.47449876912464706, 0.48841398679582065, 0.028356968572895012, 0.0013341701899100321, 0.00018518140579973578]
null
[0.009382877360243574, 0.43246436746843075, 0.514566887243978, 0.03619164559181881, 0.002296878946485011, 0.00048776092855105235]
[0.006425242759617022, 0.47449876912464706, 0.48841398679582065, 0.028356968572895012, 0.0013341701899100321, 0.00018518140579973578]
null
null
null
null
null
[0.0032263593931685444, 0.5240336093687804, 0.45009686815666233, 0.011017460778356221, 0.001083036721604004, 0.0001268188771634021]
[0.006425242759617022, 0.47449876912464706, 0.48841398679582065, 0.028356968572895012, 0.0013341701899100321, 0.00018518140579973578]
[0.00642524275961895, 0.4744987691246136, 0.4884139867958414, 0.028356968572900522, 0.001334170189910605, 0.00018518140579987783]
null
[0.009382877360243574, 0.43246436746843075, 0.514566887243978, 0.03619164559181881, 0.002296878946485011, 0.00048776092855105235]
[0.0032263593931685444, 0.5240336093687804, 0.45009686815666233, 0.011017460778356221, 0.001083036721604004, 0.0001268188771634021]
null
[0.009382877360243574, 0.43246436746843075, 0.514566887243978, 0.03619164559181881, 0.002296878946485011, 0.00048776092855105235]
null
[0.006425242759617022, 0.47449876912464706, 0.48841398679582065, 0.028356968572895012, 0.0013341701899100321, 0.00018518140579973578]
[0.009382877360243574, 0.43246436746843075, 0.514566887243978, 0.03619164559181881, 0.002296878946485011, 0.00048776092855105235]
[0.006425242759617022, 0.47449876912464706, 0.48841398679582065, 0.028356968572895012, 0.0013341701899100321, 0.00018518140579973578]
[0.009382877360243574, 0.43246436746843075, 0.514566887243978, 0.03619164559181881, 0.002296878946485011, 0.00048776092855105235]
[0.009382877360243574, 0.43246436746843075, 0.514566887243978, 0.03619164559181881, 0.002296878946485011, 0.00048776092855105235]
[0.0032263593931685444, 0.5240336093687804, 0.45009686815666233, 0.011017460778356221, 0.001083036721604004, 0.0001268188771634021]
[0.006425242759617022, 0.47449876912464706, 0.48841398679582065, 0.028356968572895012, 0.0013341701899100321, 0.00018518140579973578]
[0.0032263593931685444, 0.5240336093687804, 0.45009686815666233, 0.011017460778356221, 0.001083036721604004, 0.0001268188771634021]
[0.0032263593931685444, 0.5240336093687804, 0.45009686815666233, 0.011017460778356221, 0.001083036721604004, 0.0001268188771634021]
null
null
null
[0.009382877360243574, 0.43246436746843075, 0.514566887243978, 0.03619164559181881, 0.002296878946485011, 0.00048776092855105235]
null
[0.006794415238273488, 0.36606958764739056, 0.6347434107551836, 0.014138734643909768, 0.00497402114206332, 0.0004887096207858552]
[0.0032263593931685444, 0.5240336093687804, 0.45009686815666233, 0.011017460778356221, 0.001083036721604004, 0.0001268188771634021]
[0.0032263593931685444, 0.5240336093687804, 0.45009686815666233, 0.011017460778356221, 0.001083036721604004, 0.0001268188771634021]
null
[0.006425242759617022, 0.47449876912464706, 0.48841398679582065, 0.028356968572895012, 0.0013341701899100321, 0.00018518140579973578]
[0.006425242759617022, 0.47449876912464706, 0.48841398679582065, 0.028356968572895012, 0.0013341701899100321, 0.00018518140579973578]
[0.006425242759617022, 0.47449876912464706, 0.48841398679582065, 0.028356968572895012, 0.0013341701899100321, 0.00018518140579973578]
[0.006794415238273488, 0.36606958764739056, 0.6347434107551836, 0.014138734643909768, 0.00497402114206332, 0.0004887096207858552]
[0.006425242759617022, 0.47449876912464706, 0.48841398679582065, 0.028356968572895012, 0.0013341701899100321, 0.00018518140579973578]
null
null
null
[0.0032263593931685444, 0.5240336093687804, 0.45009686815666233, 0.011017460778356221, 0.001083036721604004, 0.0001268188771634021]
null
[0.0032263593931685444, 0.5240336093687804, 0.45009686815666233, 0.011017460778356221, 0.001083036721604004, 0.0001268188771634021]
[0.0032263593931685444, 0.5240336093687804, 0.45009686815666233, 0.011017460778356221, 0.001083036721604004, 0.0001268188771634021]
[0.006425242759617022, 0.47449876912464706, 0.48841398679582065, 0.028356968572895012, 0.0013341701899100321, 0.00018518140579973578]
null
null
[0.009382877360243574, 0.43246436746843075, 0.514566887243978, 0.03619164559181881, 0.002296878946485011, 0.00048776092855105235]
null
[0.009382877360243574, 0.43246436746843075, 0.514566887243978, 0.03619164559181881, 0.002296878946485011, 0.00048776092855105235]
null
[0.009382877360243574, 0.43246436746843075, 0.514566887243978, 0.03619164559181881, 0.002296878946485011, 0.00048776092855105235]
null
null
[0.006425242759617022, 0.47449876912464706, 0.48841398679582065, 0.028356968572895012, 0.0013341701899100321, 0.00018518140579973578]
[0.006794415238273488, 0.36606958764739056, 0.6347434107551836, 0.014138734643909768, 0.00497402114206332, 0.0004887096207858552]
[0.006425242759617022, 0.47449876912464706, 0.48841398679582065, 0.028356968572895012, 0.0013341701899100321, 0.00018518140579973578]
[0.0032263593931685444, 0.5240336093687804, 0.45009686815666233, 0.011017460778356221, 0.001083036721604004, 0.0001268188771634021]
[0.0032263593931685444, 0.5240336093687804, 0.45009686815666233, 0.011017460778356221, 0.001083036721604004, 0.0001268188771634021]
[0.009382877360243574, 0.43246436746843075, 0.514566887243978, 0.03619164559181881, 0.002296878946485011, 0.00048776092855105235]
null
[0.006425242759617022, 0.47449876912464706, 0.48841398679582065, 0.028356968572895012, 0.0013341701899100321, 0.00018518140579973578]
null
null
null
null
null
null
null
null
null
null
null
null
null
null
null
null
null
null
null
null
null
null
null
null
null
null
null
null
null
null
null
null
null
null
null
null
null
null
null
null
null
null
null
[0.006425242759617022, 0.47449876912464706, 0.48841398679582065, 0.028356968572895012, 0.0013341701899100321, 0.00018518140579973578]
null
null
null
null
null
null
null
null
null
null
null
null
null
[0.006794415238273488, 0.36606958764739056, 0.6347434107551836, 0.014138734643909768, 0.00497402114206332, 0.0004887096207858552]
null
null
null
null
null
null
null
null
null
null
null
null
null
null
null
null
null
null
null
null
null
null
null
null
null
null
null
null
null
null
null
null
null
null
null
null
null
null
null
null
null
null
null
null
null
null
null
null
null
null
null
[0.006425242759617022, 0.47449876912464706, 0.48841398679582065, 0.028356968572895012, 0.0013341701899100321, 0.00018518140579973578]
[0.006425242759617022, 0.47449876912464706, 0.48841398679582065, 0.028356968572895012, 0.0013341701899100321, 0.00018518140579973578]
[0.006425242759617022, 0.47449876912464706, 0.48841398679582065, 0.028356968572895012, 0.0013341701899100321, 0.0001851814057997361]
